%YAML:1.0
---
camera_matrix: !!opencv-matrix
   rows: 3
   cols: 3
   dt: d
   data: [ 8.2091994409542951e+02, 0., 3.2073843747592298e+02, 0.,
       8.1820157785622177e+02, 2.4527391017797106e+02, 0., 0., 1. ]
dist_coeff: !!opencv-matrix
   rows: 1
   cols: 5
   dt: d
   data: [ -2.9049538235817796e-02, -4.5668360245067940e-01,
       -7.9124868606112039e-04, 2.1785115290144223e-03,
       4.4678779499821060e+00 ]
